0
26
0.19625 0 0.24875
0.4075 0 0.4125
0.1725 0 0.59125
0.4475 0 0.70125
0.3175 0 0.79875
0.6025 0 0.84875
0.4075 0 0.4125
0.368174 0 0.457744
0.368174 0 0.457744
0.286016 0 0.505234
0.286016 0 0.505234
0.20585 0 0.551045
0.20585 0 0.551045
0.1725 0 0.59125
0.1725 0 0.59125
0.214883 0 0.623877
0.214883 0 0.623877
0.303438 0 0.651328
0.303438 0 0.651328
0.395273 0 0.67624
0.395273 0 0.67624
0.4475 0 0.70125
0.4475 0 0.70125
0.381875 0 0.75375
0.381875 0 0.75375
0.3175 0 0.79875
21
0.4125 0.15 0
0.62 0.19875 0
0.74 0.4425 0
0.66125 0.69 0
0.38 0.84875 0
0.62 0.19875 0
0.660811 0.245889 0
0.660811 0.245889 0
0.697891 0.308203 0
0.697891 0.308203 0
0.726025 0.376729 0
0.726025 0.376729 0
0.74 0.4425 0
0.74 0.4425 0
0.739033 0.506191 0
0.739033 0.506191 0
0.725703 0.571563 0
0.725703 0.571563 0
0.699834 0.634277 0
0.699834 0.634277 0
0.66125 0.69 0
